                homogeneity_score,   completeness_score,    v_measure,          randIndex,

NOSVD        = [0.20371913635949421, 0.12171359649124347, 0.1085640670276411, 0.071837016892153743]
NOSVD_GoldK  = [0.20464916383334544, 0.17431956376659599, 0.1822038131891747, 0.14435843629575071]
SVD40        = [0.15834078909617277, 0.1016225705797397, 0.078749058733311034, 0.044719239609377223]
SVD60        = [0.15722481121893717, 0.11077801187971516, 0.080512563171269161, 0.050811978638616778]
SVD60_GoldK  = [0.16456649507092008, 0.16152688060934584, 0.15597738314444357, 0.12130172029146857]
SVD100_GoldK = [0.14622650985173302, 0.16023831774324573, 0.14557880542820398, 0.11138135173839521]
